              precision    recall  f1-score   support

           0       0.97      0.97      0.97       260
           1       0.95      0.96      0.95       230
           2       0.95      0.89      0.92       236
           3       0.90      0.92      0.91       248
           4       0.96      0.95      0.96       280
           5       0.97      0.93      0.95       242
           6       0.88      0.94      0.91       262
           7       0.93      0.94      0.93       263
           8       0.99      0.90      0.94       243
           9       0.88      0.96      0.92       230

   micro avg       0.94      0.94      0.94      2494
   macro avg       0.94      0.94      0.94      2494
weighted avg       0.94      0.94      0.94      2494
 samples avg       0.94      0.94      0.94      2494

