              precision    recall  f1-score   support

           0       0.97      0.98      0.97       260
           1       0.93      0.87      0.90       230
           2       0.87      0.92      0.90       236
           3       0.91      0.92      0.91       248
           4       0.98      0.92      0.95       280
           5       0.94      0.84      0.89       242
           6       0.96      0.89      0.92       262
           7       0.89      0.95      0.92       263
           8       0.97      0.93      0.95       243
           9       0.81      0.97      0.89       230

   micro avg       0.92      0.92      0.92      2494
   macro avg       0.92      0.92      0.92      2494
weighted avg       0.92      0.92      0.92      2494
 samples avg       0.92      0.92      0.92      2494

